
svm.LinearSVC
[[1588   13   31   12    1    2    2    0    0    1   13    2    0]
 [  14 5592  239   78   69    2   18    8    0   13  271    4    8]
 [  29   50 5797  172   19    3   35    4    8   16   50   25    9]
 [  55   32  211 2147   51   40    4    8   24    7  122   15    0]
 [  12  642  101   14  591   10   73    0    2   13  336    1    1]
 [   4    2    5   69    5  689    9    0    1    0   50   18    1]
 [  28   98   18    6   14    8  566    0    1    0   31    2    1]
 [  11   55  157   99   10    0    0   78    0    3  255   22    2]
 [   3   54  106  115   14   28   34    5  210    7  136    1    9]
 [  17  248   40  230  149    7    2    4    5   96  132    0    0]
 [   6  486  377  219  179   60   24   44    1   40 4505  101    2]
 [   0    7   66   28    0    7    2    0    0    2   38 7923    0]
 [   0   16   14    0    0    5    7    0    0    0    3    0  821]]
             precision    recall  f1-score   support

          0       0.90      0.95      0.93      1665
          1       0.77      0.89      0.82      6316
          2       0.81      0.93      0.87      6217
          3       0.67      0.79      0.73      2716
          4       0.54      0.33      0.41      1796
          5       0.80      0.81      0.80       853
          6       0.73      0.73      0.73       773
          7       0.52      0.11      0.19       692
          8       0.83      0.29      0.43       722
          9       0.48      0.10      0.17       930
         10       0.76      0.75      0.75      6044
         11       0.98      0.98      0.98      8073
         12       0.96      0.95      0.95       866

avg / total       0.80      0.81      0.80     37663



